592
1 102 184 277 381 395 591
2 67 71 143 169 177 350 361
3 18 69 181 291 336 464 527
4 26 75 385 405 432 510 532
5 90 98 113 302 329 343 485
6 70 232 374 409 449 545
7 15 87 576
8 29 86 168 171 215 350
9 41 246 284 356 428 457 471
10 166 309 420 438
11 32 96 97 186 376 424 552
12 67 130 204 232 273 335 458
13 315 411 418 502 589
14 28 57 170 198 269 270 470
15 7 63 87 107 164 375 575 576 591
16 69 256 448
17 178 203 271
18 3 69 291 564
19 62 109 112 117 301 314 550
20 31 48 154 275 430 431 446 523 553
21
22 59 118 132 145 288 389 474 511 525
23 295 330 436 477
24 116 421 533 542
25 71 169 173 236 267 269
26 4 75 237 238 385
27 188 230 407 461
28 14 110 170 190 198 246 351 524
29 8 51 86 168 173 257 360 451 487
30 61 77 179 304 440
31 20 48 430 431 523
32 11 96 424
33 189 355 367 403 412 513
34 47 195 292 495 506
35 66 196 286 345 375 445 484
36 52 59 261 264 404 511
37 64 288 352 354
38 73 89 110 135 190 351 478 508
39 195 495 497
40 239 258 336 417 464 503
41 9 106 110 176 208 284 337 413 457 480
42 43 94 141 301 347 550
43 42 141
44 65 134 155 193 243 365
45 50 222 354 437
46 111 120 156 247 410 454 551
47 34 170 195 327 439 506 524
48 20 31 275 313 431 523
49 201 249 308 491 494
50 45 82 139 155 222 366 371 437
51 29 423 451 487 552
52 36 251 333 404 441 474 511
53 233 239 254 258 409
54 85 192 262 378
55 140 147 237 247 382 585
56 125 138 184 266 305 342 370
57 14 170 195 470 497
58 172 348 357 362 476 504
59 22 36 264 389 511
60 289 320 365 419 473
61 30 77 142 179 303 401 475 500 562
62 19 109 131 179 216 304 314 440
63 15 107 164 211 220
64 37 234 287 288
65 44 193 282 289 330 365 436 468
66 35 102 184 196 375 445
67 2 12 143 204 273 350
68 382 383 526 564
69 3 16 18 448 527
70 6 88 111 390 449 545
71 2 25 129 169 205 236 250 361
72 114 182 219 248 252 335 460
73 38 89 230 419 461 478
74 201 444 447 482 569
75 4 26 238 322 405 415
76 199 322 353 381 395 405
77 30 61 199 440 475 510
78 186 213 257 355 360 367 552
79 114 182 233 254 374
80 81 152 157 207 244 286 306 307 344 443 486 558
81 80 344 463 509 558
82 50 155 366 406
83 100 113 225 483 538
84 139 191 437
85 54 146 192 300
86 8 29 171 187 189 257
87 7 15 164 237 238 415 576
88 70 111 308 545
89 38 73 190 259 461
90 5 113 206 226 231 276 302 397 529
91 210 396 515
92 280 297 310 577
93 159 392 398 516 521 578
94 42 141 167 347 369 394 472 577
95 154 203 265 281 318 553
96 11 32 186 424 462 563
97 11 376 424 552
98 5 113 485
99 190 259 356 512 567
100 83 113 483 538 556
101 411 418 463
102 1 66 184 375 575 591
103 325 540 541
104 188 217 298 407 452
105 536
106 41 124 250 321 337 413 465 539
107 15 63 220 375 384 484
108 122 131 214 493 550 554
109 19 62 131 550
110 28 38 41 176 190 284 351 457 480
111 46 70 88 308 346 390 449 454 551
112 19 117 141 301 391 536 568
113 5 83 90 98 100 226 483 529 538
114 72 79 182 209 252 374 499
115 151 167 224 394 408 547
116 24 373 421 425 533 570
117 19 112 314 391 427
118 22 145 229 234 287 293 389 435
119 532 566
120 46 247 410 564
121 341 579
122 108 214 280 297 554
123 566
124 106 228 384 413 465
125 56 184 277 290 342 574
126 331 368 467 473 505
127 158 240 295 517 579 580
128 262 349 378 514 583
129 71 205 250 494
130 12 232 273 481 545
131 62 108 109 216 493 550
132 22 474 525
133 186 213 466 492 502 531 563
134 44 155 191 243
135 38 197 198 316 351 508
136 164 211 227 482 488 555 585
137 402 520 587
138 56 157 266 370 443
139 50 84 155 191 437
140 55 227 247 454 555 585
141 42 43 94 112 167 301 472 544 568 570
142 61 179 216 562
143 2 67 273 361
144 148 149 165 255 319 326 414 540 586
145 22 118 234 288
146 85 160 192 296 300 581
147 55 237 382 385 526 534
148 144 165 325 540 560
149 144 255 496 540 541
150 194 274 299
151 115 167 224 279 332 535 542
152 80 286 345 486 557
153 256
154 20 95 275 318 553
155 44 50 82 134 139 191 193 406
156 46 410 464 551
157 80 138 266 286 443 445
158 127 399 517
159 93 189 398 400 516
160 146 192 262 518 581 584
161 290 342 572 582 590
162 326 414 514 583
163 231 459 584
164 15 63 87 136 211 237 585
165 144 148 540 560 586
166 10 224 309 547
167 94 115 141 151 279 380 394 472
168 8 29 173 177 215 339 350
169 2 25 71 173 177 339
170 14 28 47 57 195 524
171 8 86 187 189 204 350 516
172 58 178 357 362
173 25 29 168 169 212 267 339 487
174 182 219 253 348 476 504
175 328 418 463
176 41 110 208 269 270 284 428 439 559
177 2 168 169 339 350
178 17 172 182 209 235 271 328 357 362
179 30 61 62 142 216 304
180 183 264 305 522
181 3 336 464
182 72 79 114 174 178 209 219 504
183 180 264 293 389 435 522
184 1 56 66 102 125 196 266 277 445
185 407 461 512 528
186 11 78 96 133 213 462 531 552
187 86 171 189
188 27 104 230 298 377 387 407
189 33 86 159 171 187 257 355 400 403 516
190 28 38 89 99 110 246 259 567
191 84 134 139 155 217 243 298 387 437
192 54 85 146 160 262
193 44 65 155 406 468
194 150 255 274 299 319 372 514 588
195 34 39 47 57 170 495 497
196 35 66 184 445
197 135 316 368 416 433 478 508
198 14 28 135 316 338 351 470
199 76 77 334 353 405 440 453 510
200 245 324 407 452 501 525 528
201 49 74 249 321 447 465 494 569
202 311 334 379 427
203 17 95 221 265 271 281
204 12 67 171 248 350 458 516 521
205 71 129 250 361 494
206 90 276 302 343
207 80 265 344 558
208 41 176 236 250 269 337
209 114 178 182 362 504
210 91 222 354 396 515
211 63 136 164 220 482
212 173 267 269 292 327 487 506 559
213 78 133 186 367 466
214 108 122 297 347 369 550
215 8 168 350
216 62 131 142 179 493 562
217 104 191 298 437 452
218 381 415 576 591
219 72 174 182 253 460
220 63 107 211 384 444 482
221 203 235 265 271 388 463 558
222 45 50 210 354 371 396
223 453
224 115 151 166 309 420 535 543 547 571
225 83 483 538
226 90 113 529
227 136 140 555 585
228 124 283 345 384 413 484 557
229 118 287 435
230 27 73 188 377 419 461
231 90 163 274 397 459
232 6 12 130 335 374 499 545
233 53 79 254
234 64 118 145 287 288
235 178 221 271 328 388
236 25 71 208 250 269
237 26 55 87 147 164 238 385 585
238 26 75 87 237 415
239 40 53 258 409 503
240 127 296 300
241 281 446 553
242 256 258 426 448
243 44 134 191 320 365 387 489
244 80 306 333 441 443
245 200 441 525 528
246 9 28 190 428 471 524 567
247 46 55 120 140 382 454 564
248 72 204 335 403 458 460 513 521 578
249 49 201 308 346 447 454 488
250 71 106 129 205 208 236 321 337 494 539
251 52 441 474 525
252 72 114 335 499
253 174 219 260 278 412 418 460 476 513
254 53 79 233 374 409
255 144 149 194 319 358 496 588
256 16 153 242 426 448
257 29 78 86 189 355 360
258 40 53 239 242 417 448 527
259 89 99 190 461 512
260 253 278 315 418
261 36 264 305 370 404 443 456
262 54 128 160 192 349 378 459 584
263 536 544 568 570
264 36 59 180 183 261 305 389
265 95 203 207 221 312 318 344 558
266 56 138 157 184 445
267 25 173 212 269
268 543 548
269 14 25 176 208 212 236 267 270 559
270 14 176 269 559
271 17 178 203 221 235 388
272 373 537
273 12 67 130 143 361 481
274 150 194 231 299 349 372 397 459
275 20 48 154 317 318 523
276 90 206 343 402
277 1 125 184 353 395 574
278 253 260 315 367 412 466
279 151 167 380 542
280 92 122 297
281 95 203 241 553
282 65 341 436 468 579
283 228 413 480 557
284 9 41 110 176 428 439
285
286 35 80 152 157 345 445
287 64 118 229 234
288 22 37 64 145 234 352 501 525
289 60 65 330 365 467 473
290 125 161 311 342 379 574 582
291 3 18 410 464 564
292 34 212 423 487 506
293 118 183 389 435
294 312 318 492 563
295 23 127 436 579
296 146 240 300
297 92 122 214 280 369 577
298 104 188 191 217 387
299 150 194 274 397 422 483 529 588 592
300 85 146 240 296
301 19 42 112 141 550
302 5 90 206 343
303 61 455 475 500
304 30 62 179 440
305 56 180 261 264 342 370 456 522 572 573
306 80 244 307 441 528
307 80 306 486 498 528
308 49 88 111 249 346 481 491 545
309 10 166 224 420
310 92 340 577
311 202 290 379 582
312 265 294 318 344 492
313 48 431
314 19 62 117 334 427 440
315 13 260 278 418 466 589
316 135 197 198 338 416
317 275 318
318 95 154 265 275 294 312 317
319 144 194 255 414 514
320 60 243 365 377 419 489
321 106 201 250 465 494 539
322 75 76 381 405 415
323 329 469
324 200 407 452
325 103 148 540
326 144 162 414 561 583 586
327 47 212 439 506 559
328 175 178 235 357 388 418 463 476
329 5 323 343 469 485
330 23 65 289 436 467 477
331 126 467 477 505
332 151 507 535 542 571
333 52 244 404 441 443
334 199 202 314 379 427 440 453
335 12 72 232 248 252 458 499
336 3 40 181 417 464 527
337 41 106 208 250
338 198 316 416 470 497
339 168 169 173 177
340 310 394 408 547 577
341 121 282 366 468 579
342 56 125 161 290 305 572
343 5 206 276 302 329 402
344 80 81 207 265 312 492 509
345 35 152 228 286 484 557
346 111 249 308 390 454
347 42 94 214 369 550
348 58 174 476 504
349 128 262 274 372 459 514
350 2 8 67 168 171 177 204 215
351 28 38 110 135 198
352 37 288 354 434 501
353 76 199 277 379 395 453 574
354 37 45 210 222 352 434 437
355 33 78 189 257 367
356 9 99 457 471 498 512 567
357 58 172 178 328 476
358 255 496 549 588 592
359 496 541 549
360 29 78 257 451 552
361 2 71 143 205 273 481 491 494
362 58 172 178 209 504
363 364
364 363 442 532
365 44 60 65 243 289 320
366 50 82 341 371 406 468
367 33 78 213 278 355 412 466
368 126 197 433 473 478 490 505 565
369 94 214 297 347 577
370 56 138 261 305 443
371 50 222 366 396
372 194 274 349 397 514
373 116 272 533 537
374 6 79 114 232 254 409 499
375 15 35 66 102 107 484 575
376 11 97 552
377 188 230 320 387 419 489
378 54 128 262
379 202 290 311 334 353 453 574
380 167 279 472 542
381 1 76 218 322 395 415 591
382 55 68 147 247 383 526 564
383 68 382 526 564
384 107 124 220 228 444 465 484
385 4 26 147 237 386 532 534 566
386 385 526 534 566
387 188 191 243 298 377 489
388 221 235 271 328 463
389 22 59 118 183 264 293
390 70 111 346
391 112 117 427 536
392 93 516 521
393
394 94 115 167 340 408 577
395 1 76 277 353 381
396 91 210 222 371 515
397 90 231 274 299 372 529
398 93 159 400 403 578
399 158 517 580
400 159 189 398 403
401 61 500 519 562
402 137 276 343
403 33 189 248 398 400 513 578
404 36 52 261 333 443
405 4 75 76 199 322 510
406 82 155 193 366 468
407 27 104 185 188 200 324 452 461 528
408 115 340 394 547
409 6 53 239 254 374 449 503 551
410 46 120 156 291 464 564
411 13 101 418 463 502 509
412 33 253 278 367 513
413 41 106 124 228 283 480
414 144 162 319 326 514
415 75 87 218 238 322 381 576
416 197 316 338 433
417 40 258 336 527
418 13 101 175 253 260 315 328 411 463 476
419 60 73 230 320 377 473 478 565
420 10 224 309 438 543
421 24 116 472 542 570
422 299 483 549 556 592
423 51 292 487 552
424 11 32 96 97
425 116 570
426 242 256
427 117 202 314 334 391
428 9 176 246 284 439 524
429 450 507 533 542
430 20 31 431 523
431 20 31 48 313 430 446
432 4 442 479 510 532
433 197 368 416 490 505
434 352 354 437 501
435 118 183 229 293
436 23 65 282 295 330 579
437 45 50 84 139 191 217 354 434 452 501
438 10 420 543 548
439 47 176 284 327 428 524 559
440 30 62 77 199 304 314 334
441 52 244 245 251 306 333 525 528
442 364 432 455 479 532
443 80 138 157 244 261 333 370 404
444 74 220 384 465 482 569
445 35 66 157 184 196 266 286
446 20 241 431 553
447 74 201 249 482 488
448 16 69 242 256 258 527
449 6 70 111 409 551
450 429 507 546 571
451 29 51 360 552
452 104 200 217 324 407 437 501
453 199 223 334 353 379
454 46 111 140 247 249 346 488 555
455 303 442 475 479 500
456 261 305 573
457 9 41 110 356 480 498
458 12 204 248 335
459 163 231 262 274 349 584
460 72 219 248 253 513
461 27 73 89 185 230 259 407 512
462 96 186 531 563
463 81 101 175 221 328 388 411 418 509 558
464 3 40 156 181 291 336 410 503 551
465 106 124 201 321 384 444 569
466 133 213 278 315 367 502 589
467 126 289 330 331 473 477
468 65 193 282 341 366 406
469 323 329
470 14 57 198 338 497
471 9 246 356 567
472 94 141 167 380 421 542 570
473 60 126 289 368 419 467 565
474 22 52 132 251 511 525
475 61 77 303 455 479 510
476 58 174 253 328 348 357 418
477 23 330 331 467
478 38 73 197 368 419 508 565
479 432 442 455 475 510
480 41 110 283 413 457 486 498 557
481 130 273 308 361 491 545
482 74 136 211 220 444 447 488
483 83 100 113 225 299 422 529 538 556
484 35 107 228 345 375 384
485 5 98 329
486 80 152 307 480 498 557
487 29 51 173 212 292 423
488 136 249 447 454 482 555
489 243 320 377 387
490 368 433 505
491 49 308 361 481 494
492 133 294 312 344 502 509 563
493 108 131 216 554 562
494 49 129 201 205 250 321 361 491
495 34 39 195
496 149 255 358 359 541 549
497 39 57 195 338 470
498 307 356 457 480 486 512 528
499 114 232 252 335 374
500 61 303 401 455
501 200 288 352 434 437 452 525
502 13 133 411 466 492 509 589
503 40 239 409 464 551
504 58 174 182 209 348 362
505 126 331 368 433 490
506 34 47 212 292 327
507 332 429 450 542 571
508 38 135 197 478
509 81 344 411 463 492 502
510 4 77 199 405 432 475 479
511 22 36 52 59 474
512 99 185 259 356 461 498 528
513 33 248 253 403 412 460
514 128 162 194 319 349 372 414 583
515 91 210 396
516 93 159 171 189 204 392 521
517 127 158 399 580
518 160 581 584
519 401 562
520 137 587
521 93 204 248 392 516 578
522 180 183 305 573
523 20 31 48 275 430
524 28 47 170 246 428 439
525 22 132 200 245 251 288 441 474 501
526 68 147 382 383 386 534
527 3 69 258 336 417 448
528 185 200 245 306 307 407 441 498 512
529 90 113 226 299 397 483
530 583
531 133 186 462 563
532 4 119 364 385 432 442 566
533 24 116 373 429 537 542
534 147 385 386 526
535 151 224 332 571
536 105 112 263 391 568
537 272 373 533
538 83 100 113 225 483
539 106 250 321
540 103 144 148 149 165 325 541
541 103 149 359 496 540
542 24 151 279 332 380 421 429 472 507 533
543 224 268 420 438 546 548 571
544 141 263 568 570
545 6 70 88 130 232 308 481
546 450 543 571
547 115 166 224 340 408
548 268 438 543
549 358 359 422 496 592
550 19 42 108 109 131 214 301 347
551 46 111 156 409 449 464 503
552 11 51 78 97 186 360 376 423 451
553 20 95 154 241 281 446
554 108 122 493 562
555 136 140 227 454 488
556 100 422 483
557 152 228 283 345 480 486
558 80 81 207 221 265 463
559 176 212 269 270 327 439
560 148 165 586
561 326 586
562 61 142 216 401 493 519 554
563 96 133 294 462 492 531
564 18 68 120 247 291 382 383 410
565 368 419 473 478
566 119 123 385 386 532
567 99 190 246 356 471
568 112 141 263 536 544
569 74 201 444 465
570 116 141 263 421 425 472 544
571 224 332 450 507 535 543 546
572 161 305 342 573
573 305 456 522 572
574 125 277 290 353 379
575 15 102 375 591
576 7 15 87 218 415 591
577 92 94 297 310 340 369 394
578 93 248 398 403 521
579 121 127 282 295 341 436
580 127 399 517
581 146 160 518
582 161 290 311
583 128 162 326 514 530
584 160 163 262 459 518
585 55 136 140 164 227 237
586 144 165 326 560 561
587 137 520
588 194 255 299 358 592
589 13 315 466 502
590 161
591 1 15 102 218 381 575 576
592 299 358 422 549 588
